1e-13,1e-13,0.9739149949131315,0.001,0.26598123003590823
1e-13,5e-13,0.9739149949131315,0.001,0.2751938439445702
5e-13,1e-13,0.9739149949131315,0.001,0.299570484291356
5e-13,5e-13,0.9739149949131315,0.001,0.3297574306804709
1e-13,1e-13,0.9739149949131315,1,0.2661260253933404
1e-13,5e-13,0.9739149949131315,1,0.2763348154753269
5e-13,1e-13,0.9739149949131315,1,0.30565213910650524
5e-13,1e-13,0.9739149949131315,1,0.30565213910650524
5e-13,5e-13,0.9739149949131315,1,0.3307305291690081
1e-13,1e-13,0.9739149949131315,30,0.26354640646582367
1e-13,5e-13,0.9739149949131315,30,0.27162549721089707
5e-13,1e-13,0.9739149949131315,30,0.3079697056761909
5e-13,5e-13,0.9739149949131315,30,0.32864164462666373
1e-13,1e-13,0.9739149949131315,100,0.263386316210795
1e-13,5e-13,0.9739149949131315,100,0.27098050651639577
5e-13,1e-13,0.9739149949131315,100,0.30808800832145716
5e-13,5e-13,0.9739149949131315,100,0.3283756294175701